0: { [0.412404, 0.862404], [0.478698, 0.928698], [0.553403, 1.0034], [0.781062, 1.23106], [0.640664, 1.09066], [0.531618, 0.981618], [0.224743, 0.674743], [-0.233872, 0.216128], }
1: { [-0.260347, 0.189804], [-0.207448, 0.252548], [-0.011112, 0.43974], [0.214032, 0.679761], [0.303983, 0.754593], [0.18889, 0.645654], [-0.0582677, 0.39182], [-0.518135, -0.0580244], }
2: { [-0.266078, 0.185241], [0.699904, 1.29648], [0.553945, 1.00514], [-0.0168754, 0.66509], [0.350805, 0.803558], [-0.0806647, 0.58087], [0.177384, 0.63007], [-0.535816, 0.0131946], }
3: { [0.370398, 0.82615], [0.339354, 1.265], [0.554032, 1.00482], [-0.509496, 0.440417], [0.674029, 1.13023], [-0.109225, 0.909319], [0.169695, 0.628644], [-0.165696, 0.867631], }
4: { [0.373651, 0.826654], [0.751379, 1.30167], [0.554323, 1.00547], [1.2213, 1.74902], [0.674504, 1.12623], [-0.0453418, 0.735837], [0.1761, 0.629247], [0.605196, 1.49014], }
5: { [-0.265759, 0.185216], [-0.227645, 0.535174], [0.0236395, 0.476282], [-1, -0.312018], [0.353604, 0.806774], [-0.384472, 0.206045], [-0.0879014, 0.364027], [-0.423481, 0.346929], }
6: { [0.376357, 0.829571], [-0.112521, 0.594533], [0.0230685, 0.475337], [0.72043, 1.38872], [0.672686, 1.12434], [-0.383113, 0.10132], [-0.0871899, 0.36478], [-0.184143, 0.391977], }
7: { [-0.266833, 0.186228], [-0.174153, 0.656917], [0.0242088, 0.481838], [0.471595, 1.10881], [0.353822, 0.811846], [-0.38344, 0.654405], [-0.0914243, 0.363415], [0.15818, 1.35806], }
8: { [-0.266219, 0.185229], [0.70049, 1.30115], [0.554444, 1.00493], [0.21891, 0.943303], [0.352524, 0.805075], [0.106735, 0.889495], [0.178478, 0.631663], [0.880605, 1.58865], }
9: { [0.374951, 0.827188], [-0.27476, 0.359436], [0.0218135, 0.474388], [-0.547632, -0.05048], [0.673794, 1.12503], [-0.359447, 0.40352], [-0.0866901, 0.365169], [0.383753, 1.20826], }
